66
550 -184
549 -321
547 -24
546 90
546 -71
545 17
540 223
539 -133
535 -195
534 333
533 -10
529 277
527 -89
526 -92
521 -140
520 13
518 -26
518 -33
511 -257
503 130
501 312
501 294
498 -234
497 182
496 256
485 166
483 274
481 250
478 -231
476 273
473 -257
468 -133
466 -82
465 39
464 -314
463 -198
462 -190
459 -235
459 -327
457 196
456 -124
455 282
455 280
455 -132
454 -37
452 -236
447 -102
441 -332
440 -188
433 -144
429 -36
428 307
426 -152
424 170
421 -295
416 -73
414 218
411 25
410 8
408 -280
407 45
406 219
404 243
396 253
393 159
388 279
